835498256
821143645
808646909
794861048
794059142
782654060
779810209
765437162
752158736
738834567
725865275
712756856
700091579
687521083
687156206
674994080
662449243
650312540
639077129
627400604
615996808
604468683
602180367
593163663
581802856
570742028
560320268
551125042
545339799
541413108
541002390
531850303
531430237
523754567
521546326
512270808
503038185
496025217
494252235
493986929
484767243
479274669
475491614
466983224
458600508
451919920
444356829
442379075
438530871
437390292
437290903
437206685
436909622
429970188
429663164
427665882
422149809
415058637
414789336
413949566
413946179
413944562
413888157
413635086
412832167
407870135
407622511
405748786
400840910
400590902
398747363
397634034
394076796
394063605
393920354
391304389
390115466
388965819
387776432
387547402
385876730
382638654
381511930
381295722
379706142
376638796
376629774
375578953
375391037
373859145
372887918
369808356
369683675
368313185
367396044
364374417
364188581
362751105
359101781
358936502
358035118
357703838
357075707
356449417
355781206
355687937
353167663
353071593
350266781
348404929
348218313
346873812
345078841
343115371
342941293
339800889
337878182
337701162
336468630
335881874
334427245
333509326
333336761
332050683
331208314
329326763
328377549
328196377
327094741
323755464
323669213
323527503
319903753
319899666
319195890
319057909
318889956
317721452
317061899
316326727
315490419
315473157
314586584
314423012
313178664
313177698
311743490
311552707
310870528
310860674
310859436
310690509
310676695
309900226
309899614
309777167
309619020
308394874
308366083
307616808
305946178
305944614
304965567
304959007
304849361
304241683
304231640
304231372
304223687
304222920
304221921
304220975
304220616
304220529
304220418
304214696
304214064
303989041
302122989
300418985
300373954
300211045
298954484
296649360
295766523
295629307
293030202
293025416
291117558
290955522
289754582
286502037
286365199
284467730
283656520
282014589
281863938
280706603
277643675
277606178
277605722
277585125
276518177
273540957
273406167
273283650
272315522
270040840
269248530
269102955
265137538
265006176
263862457
260911135
260796812
259108181
259081754
258423235
258325237
256853380
256712081
255647713
255028492
252840654
252717024
251145727
250382448
248956071
248838864
247807719
246447224
245021438
244893242
244171746
244171413
244171003
241628111
241628083
241628069
241518948
237964452
237945275
237818111
234377612
234376977
234376803
234376274
234376249
234375906
234375516
234375515
234375502
234375254
234351442
234351379
234351353
234351260
234221333
231391649
231302845
231302194
231301898
231300631
231300313
231293124
231293035
231293012
230603948
230603921
230603856
230473902
229019251
229018012
229015712
229015053
228405519
227032750
227032071
226992714
226992072
226991783
226989794
226970470
226849003
226401045
226395839
226395349
226391048
226379036
226376654
